32 rows of 8

1st row:  94, 94, 90, 90, 94, 94, 90, 90
2nd row:  91, 91, 83, 82, 91, 91, 93, 82
3rd row:  93, 93, 85, 85, 93, 93, 84, 84
4th row:  81, 81, 71, 70, 81, 81, 69, 68
5th row:  94, 94, 90, 90, 94, 94, 90, 90
6th row:  91, 91, 83, 82, 91, 91, 83, 82
7th row:  93, 93, 85, 85, 93, 93, 84, 84
8th row:  81, 81, 71, 70, 81, 81, 69, 68
9th row:  92, 92, 80, 80, 92, 92, 80, 80
10th row: 89, 89, 67, 65, 89, 89, 67, 65
11th row: 87, 87, 75, 75, 87, 87, 74, 74
12th row: 79, 79, 63, 59, 79, 79, 55, 51
13th row: 92, 92, 80, 80, 92, 92, 80, 80
14th row: 88, 88, 66, 64, 88, 88, 66, 64
15th row: 87, 87, 75, 75, 87, 87, 74, 74
16th row: 77, 77, 61, 57, 77, 77, 53, 49
17th row: 94, 94, 90, 90, 94, 94, 90, 90
18th row: 91, 91, 83, 82, 91, 91, 83, 82
19th row: 93, 93, 85, 85, 93, 93, 84, 84
20th row: 81, 81, 71, 70, 81, 81, 69, 68
21st row:
22nd row:
23rd row:
24th row:
25th row:
26th row:
27th row:
28th row:
29th row:
30th row:
31st row:
32nd row: